**********************
B1

l1 = 0.009545660833423775
l2 = 0.008534530602358318
m1 = 0.0015745168040049247
m2 = 0.000628808924810774
p0 = 0.009716290557882638
p1 = 0.05890595387018536
p2 = 0.13187468535471056
p3 = 0.7995030702172214
Kr1 = 0.20049692978277855
Tp1 = 113.8174588118221
Po1 = 0.027041284787199082
**********************
**********************
B2

l1 = 0.0001607544859956967
l2 = 0.009194102981268892
m1 = 1.9768730973455613e-06
m2 = 0.005630150698852438
p0 = 0.0046137570408091855
p1 = 0.37517943999562725
p2 = 0.0075343200622320985
p3 = 0.6126724829013315
Kr2 = 0.38732751709866853
Tp2 = 112.24771096668744
Po2 = 0.012019577723860588
**********************
**********************
B3

l1 = 2.9353365451038013e-06
l2 = 0.0054108738637954935
m1 = 2.216639290378931e-08
m2 = 0.002361510277015778
p0 = 0.0022772222849002377
p1 = 0.3015562262725313
p2 = 0.0052177467374776325
p3 = 0.6909488047050908
Kr3 = 0.3090511952949092
Tp3 = 189.40465189489655
Po3 = 0.007489726822250836
**********************
**********************
B4

l1 = 3.163680266971073e-08
l2 = 0.009567252326368814
m1 = 1.0450709790989931e-10
m2 = 0.004916338658843654
p0 = 0.001117600239461447
p1 = 0.3383243699089059
p2 = 0.002174863090789325
p3 = 0.6583831667608433
Kr4 = 0.3416168332391567
Tp4 = 105.54040184382919
Po4 = 0.0032924530306830822
**********************
**********************
B5

l1 = 6.010292638336938e-10
l2 = 0.005132820533274193
m1 = 1.0238037339411779e-12
m2 = 0.008803725196142078
p0 = 0.0010742193254932308
p1 = 0.6306264450335237
p2 = 0.0006263002181789399
p3 = 0.36767303542280416
Kr5 = 0.6323269645771958
Tp5 = 195.35001261281093
Po5 = 0.00170051962670084
**********************
KgN 0.08838741168731747
KgV 0.4840259978010324
TpN 26.61795326127222
TpV 123.97233721800933
Kg 0.2862067047441749
Tp 75.29514523964077
deltaK 69.11763064169922
deltaT 64.64851329185215
Kpe 0.713793295255825
Tve 187.78445419512133