{
 "cells": [
  {
   "cell_type": "code",
   "execution_count": 1,
   "metadata": {},
   "outputs": [],
   "source": [
    "from pandas import read_csv as read\n",
    "import pandas as pd\n",
    "import numpy as np\n",
    "import seaborn as sns; sns.set(color_codes=True)\n",
    "import matplotlib.pyplot as plt\n",
    "from sklearn import metrics\n",
    "from plot import pltPRcurve, pltROCcurve "
   ]
  },
  {
   "cell_type": "code",
   "execution_count": null,
   "metadata": {},
   "outputs": [],
   "source": [
    "def modExec():\n",
    "    model.fit(X_train, y_train)\n",
    "    expected = y_test\n",
    "    predicted = model.predict(X_test)\n",
    "\n",
    "    pobas = model.predict_proba(X_test)\n",
    "    preds = pobas[:, 1]\n",
    "\n",
    "    report = metrics.classification_report(expected, predicted)\n",
    "    conf_matrix = metrics.confusion_matrix(expected, predicted)\n",
    "\n",
    "    print(type(model).__name__)\n",
    "    print(report)\n",
    "    print(conf_matrix)\n",
    "    ##print(metrics.roc_auc_score(expected, preds))"
   ]
  },
  {
   "cell_type": "markdown",
   "metadata": {},
   "source": [
    "## Данные до исследования признаков"
   ]
  },
  {
   "cell_type": "code",
   "execution_count": 2,
   "metadata": {},
   "outputs": [
    {
     "data": {
      "text/html": [
       "<div>\n",
       "<style scoped>\n",
       "    .dataframe tbody tr th:only-of-type {\n",
       "        vertical-align: middle;\n",
       "    }\n",
       "\n",
       "    .dataframe tbody tr th {\n",
       "        vertical-align: top;\n",
       "    }\n",
       "\n",
       "    .dataframe thead th {\n",
       "        text-align: right;\n",
       "    }\n",
       "</style>\n",
       "<table border=\"1\" class=\"dataframe\">\n",
       "  <thead>\n",
       "    <tr style=\"text-align: right;\">\n",
       "      <th></th>\n",
       "      <th>amount</th>\n",
       "      <th>oldbalanceOrg</th>\n",
       "      <th>isFraud</th>\n",
       "      <th>type_CASH_IN</th>\n",
       "      <th>type_CASH_OUT</th>\n",
       "      <th>type_DEBIT</th>\n",
       "      <th>type_PAYMENT</th>\n",
       "      <th>type_TRANSFER</th>\n",
       "    </tr>\n",
       "  </thead>\n",
       "  <tbody>\n",
       "    <tr>\n",
       "      <th>0</th>\n",
       "      <td>9839.64</td>\n",
       "      <td>170136.00</td>\n",
       "      <td>0</td>\n",
       "      <td>0</td>\n",
       "      <td>0</td>\n",
       "      <td>0</td>\n",
       "      <td>1</td>\n",
       "      <td>0</td>\n",
       "    </tr>\n",
       "    <tr>\n",
       "      <th>1</th>\n",
       "      <td>181.00</td>\n",
       "      <td>181.00</td>\n",
       "      <td>1</td>\n",
       "      <td>0</td>\n",
       "      <td>0</td>\n",
       "      <td>0</td>\n",
       "      <td>0</td>\n",
       "      <td>1</td>\n",
       "    </tr>\n",
       "    <tr>\n",
       "      <th>2</th>\n",
       "      <td>181.00</td>\n",
       "      <td>181.00</td>\n",
       "      <td>1</td>\n",
       "      <td>0</td>\n",
       "      <td>1</td>\n",
       "      <td>0</td>\n",
       "      <td>0</td>\n",
       "      <td>0</td>\n",
       "    </tr>\n",
       "    <tr>\n",
       "      <th>3</th>\n",
       "      <td>9478.39</td>\n",
       "      <td>116494.00</td>\n",
       "      <td>0</td>\n",
       "      <td>0</td>\n",
       "      <td>0</td>\n",
       "      <td>0</td>\n",
       "      <td>1</td>\n",
       "      <td>0</td>\n",
       "    </tr>\n",
       "    <tr>\n",
       "      <th>4</th>\n",
       "      <td>3454.08</td>\n",
       "      <td>9031.96</td>\n",
       "      <td>0</td>\n",
       "      <td>0</td>\n",
       "      <td>0</td>\n",
       "      <td>0</td>\n",
       "      <td>1</td>\n",
       "      <td>0</td>\n",
       "    </tr>\n",
       "  </tbody>\n",
       "</table>\n",
       "</div>"
      ],
      "text/plain": [
       "    amount  oldbalanceOrg  isFraud  type_CASH_IN  type_CASH_OUT  type_DEBIT  \\\n",
       "0  9839.64      170136.00        0             0              0           0   \n",
       "1   181.00         181.00        1             0              0           0   \n",
       "2   181.00         181.00        1             0              1           0   \n",
       "3  9478.39      116494.00        0             0              0           0   \n",
       "4  3454.08        9031.96        0             0              0           0   \n",
       "\n",
       "   type_PAYMENT  type_TRANSFER  \n",
       "0             1              0  \n",
       "1             0              1  \n",
       "2             0              0  \n",
       "3             1              0  \n",
       "4             1              0  "
      ]
     },
     "execution_count": 2,
     "metadata": {},
     "output_type": "execute_result"
    }
   ],
   "source": [
    "path = \"filtData.csv\"\n",
    "data = read(path, delimiter=\",\")\n",
    "\n",
    "data.drop('isFlaggedFraud', axis=1, inplace=True)\n",
    "data.drop('nameOrig', axis=1, inplace=True)\n",
    "data.drop('nameDest', axis=1, inplace=True)\n",
    "data.drop('oldbalanceDest', axis=1, inplace=True)\n",
    "data.drop('step', axis=1, inplace=True)\n",
    "data.drop('newbalanceOrig', axis=1, inplace=True)\n",
    "data.drop('newbalanceDest', axis=1, inplace=True)\n",
    "'''\n",
    "from sklearn.preprocessing import LabelEncoder\n",
    "\n",
    "le = LabelEncoder()\n",
    "data['type'] = le.fit_transform(data['type'])\n",
    "'''\n",
    "\n",
    "data = pd.get_dummies(data)\n",
    "data.head()"
   ]
  },
  {
   "cell_type": "code",
   "execution_count": 3,
   "metadata": {},
   "outputs": [
    {
     "data": {
      "text/html": [
       "<div>\n",
       "<style scoped>\n",
       "    .dataframe tbody tr th:only-of-type {\n",
       "        vertical-align: middle;\n",
       "    }\n",
       "\n",
       "    .dataframe tbody tr th {\n",
       "        vertical-align: top;\n",
       "    }\n",
       "\n",
       "    .dataframe thead th {\n",
       "        text-align: right;\n",
       "    }\n",
       "</style>\n",
       "<table border=\"1\" class=\"dataframe\">\n",
       "  <thead>\n",
       "    <tr style=\"text-align: right;\">\n",
       "      <th></th>\n",
       "      <th>amount</th>\n",
       "      <th>oldbalanceOrg</th>\n",
       "      <th>isFraud</th>\n",
       "      <th>type_CASH_IN</th>\n",
       "      <th>type_CASH_OUT</th>\n",
       "      <th>type_DEBIT</th>\n",
       "      <th>type_PAYMENT</th>\n",
       "      <th>type_TRANSFER</th>\n",
       "    </tr>\n",
       "  </thead>\n",
       "  <tbody>\n",
       "    <tr>\n",
       "      <th>amount</th>\n",
       "      <td>1.000000</td>\n",
       "      <td>0.205667</td>\n",
       "      <td>0.346157</td>\n",
       "      <td>-0.054279</td>\n",
       "      <td>0.023805</td>\n",
       "      <td>-0.021563</td>\n",
       "      <td>-0.181568</td>\n",
       "      <td>0.304017</td>\n",
       "    </tr>\n",
       "    <tr>\n",
       "      <th>oldbalanceOrg</th>\n",
       "      <td>0.205667</td>\n",
       "      <td>1.000000</td>\n",
       "      <td>0.070277</td>\n",
       "      <td>0.464094</td>\n",
       "      <td>-0.180977</td>\n",
       "      <td>-0.022039</td>\n",
       "      <td>-0.190083</td>\n",
       "      <td>-0.034110</td>\n",
       "    </tr>\n",
       "    <tr>\n",
       "      <th>isFraud</th>\n",
       "      <td>0.346157</td>\n",
       "      <td>0.070277</td>\n",
       "      <td>1.000000</td>\n",
       "      <td>-0.142891</td>\n",
       "      <td>0.082316</td>\n",
       "      <td>-0.021918</td>\n",
       "      <td>-0.189924</td>\n",
       "      <td>0.340712</td>\n",
       "    </tr>\n",
       "    <tr>\n",
       "      <th>type_CASH_IN</th>\n",
       "      <td>-0.054279</td>\n",
       "      <td>0.464094</td>\n",
       "      <td>-0.142891</td>\n",
       "      <td>1.000000</td>\n",
       "      <td>-0.382152</td>\n",
       "      <td>-0.039765</td>\n",
       "      <td>-0.344581</td>\n",
       "      <td>-0.182274</td>\n",
       "    </tr>\n",
       "    <tr>\n",
       "      <th>type_CASH_OUT</th>\n",
       "      <td>0.023805</td>\n",
       "      <td>-0.180977</td>\n",
       "      <td>0.082316</td>\n",
       "      <td>-0.382152</td>\n",
       "      <td>1.000000</td>\n",
       "      <td>-0.058617</td>\n",
       "      <td>-0.507939</td>\n",
       "      <td>-0.268685</td>\n",
       "    </tr>\n",
       "    <tr>\n",
       "      <th>type_DEBIT</th>\n",
       "      <td>-0.021563</td>\n",
       "      <td>-0.022039</td>\n",
       "      <td>-0.021918</td>\n",
       "      <td>-0.039765</td>\n",
       "      <td>-0.058617</td>\n",
       "      <td>1.000000</td>\n",
       "      <td>-0.052854</td>\n",
       "      <td>-0.027958</td>\n",
       "    </tr>\n",
       "    <tr>\n",
       "      <th>type_PAYMENT</th>\n",
       "      <td>-0.181568</td>\n",
       "      <td>-0.190083</td>\n",
       "      <td>-0.189924</td>\n",
       "      <td>-0.344581</td>\n",
       "      <td>-0.507939</td>\n",
       "      <td>-0.052854</td>\n",
       "      <td>1.000000</td>\n",
       "      <td>-0.242270</td>\n",
       "    </tr>\n",
       "    <tr>\n",
       "      <th>type_TRANSFER</th>\n",
       "      <td>0.304017</td>\n",
       "      <td>-0.034110</td>\n",
       "      <td>0.340712</td>\n",
       "      <td>-0.182274</td>\n",
       "      <td>-0.268685</td>\n",
       "      <td>-0.027958</td>\n",
       "      <td>-0.242270</td>\n",
       "      <td>1.000000</td>\n",
       "    </tr>\n",
       "  </tbody>\n",
       "</table>\n",
       "</div>"
      ],
      "text/plain": [
       "                 amount  oldbalanceOrg   isFraud  type_CASH_IN  type_CASH_OUT  \\\n",
       "amount         1.000000       0.205667  0.346157     -0.054279       0.023805   \n",
       "oldbalanceOrg  0.205667       1.000000  0.070277      0.464094      -0.180977   \n",
       "isFraud        0.346157       0.070277  1.000000     -0.142891       0.082316   \n",
       "type_CASH_IN  -0.054279       0.464094 -0.142891      1.000000      -0.382152   \n",
       "type_CASH_OUT  0.023805      -0.180977  0.082316     -0.382152       1.000000   \n",
       "type_DEBIT    -0.021563      -0.022039 -0.021918     -0.039765      -0.058617   \n",
       "type_PAYMENT  -0.181568      -0.190083 -0.189924     -0.344581      -0.507939   \n",
       "type_TRANSFER  0.304017      -0.034110  0.340712     -0.182274      -0.268685   \n",
       "\n",
       "               type_DEBIT  type_PAYMENT  type_TRANSFER  \n",
       "amount          -0.021563     -0.181568       0.304017  \n",
       "oldbalanceOrg   -0.022039     -0.190083      -0.034110  \n",
       "isFraud         -0.021918     -0.189924       0.340712  \n",
       "type_CASH_IN    -0.039765     -0.344581      -0.182274  \n",
       "type_CASH_OUT   -0.058617     -0.507939      -0.268685  \n",
       "type_DEBIT       1.000000     -0.052854      -0.027958  \n",
       "type_PAYMENT    -0.052854      1.000000      -0.242270  \n",
       "type_TRANSFER   -0.027958     -0.242270       1.000000  "
      ]
     },
     "execution_count": 3,
     "metadata": {},
     "output_type": "execute_result"
    }
   ],
   "source": [
    "data.corr()"
   ]
  },
  {
   "cell_type": "code",
   "execution_count": 4,
   "metadata": {},
   "outputs": [
    {
     "name": "stdout",
     "output_type": "stream",
     "text": [
      "RandomForestClassifier\n",
      "              precision    recall  f1-score   support\n",
      "\n",
      "           0       1.00      1.00      1.00     23790\n",
      "           1       0.98      0.98      0.98      4334\n",
      "\n",
      "   micro avg       0.99      0.99      0.99     28124\n",
      "   macro avg       0.99      0.99      0.99     28124\n",
      "weighted avg       0.99      0.99      0.99     28124\n",
      "\n",
      "[[23718    72]\n",
      " [   86  4248]]\n"
     ]
    }
   ],
   "source": [
    "X = data.loc[:, data.columns != 'isFraud'].values\n",
    "y = data.loc[:, 'isFraud'].values\n",
    "\n",
    "y=y.astype('int') # не совсем понял, почему https://stackoverflow.com/questions/45346550/valueerror-unknown-label-type-unknown\n",
    "\n",
    "from sklearn.model_selection import train_test_split as train\n",
    "\n",
    "X_train, X_test, y_train, y_test = train(X, y, shuffle=False)\n",
    "\n",
    "from sklearn.ensemble import RandomForestClassifier\n",
    "\n",
    "\n",
    "model = RandomForestClassifier(n_estimators=110, n_jobs=-1)\n",
    "\n"
   ]
  },
  {
   "cell_type": "markdown",
   "metadata": {},
   "source": [
    "## Данные после исследования признаков"
   ]
  },
  {
   "cell_type": "code",
   "execution_count": 5,
   "metadata": {},
   "outputs": [
    {
     "data": {
      "text/html": [
       "<div>\n",
       "<style scoped>\n",
       "    .dataframe tbody tr th:only-of-type {\n",
       "        vertical-align: middle;\n",
       "    }\n",
       "\n",
       "    .dataframe tbody tr th {\n",
       "        vertical-align: top;\n",
       "    }\n",
       "\n",
       "    .dataframe thead th {\n",
       "        text-align: right;\n",
       "    }\n",
       "</style>\n",
       "<table border=\"1\" class=\"dataframe\">\n",
       "  <thead>\n",
       "    <tr style=\"text-align: right;\">\n",
       "      <th></th>\n",
       "      <th>amount</th>\n",
       "      <th>oldbalanceOrg</th>\n",
       "      <th>isFraud</th>\n",
       "      <th>hour</th>\n",
       "      <th>newSender</th>\n",
       "      <th>newReceiver</th>\n",
       "      <th>merchant</th>\n",
       "      <th>fraudsEarly</th>\n",
       "      <th>LTS</th>\n",
       "      <th>LTR</th>\n",
       "      <th>IZoB</th>\n",
       "      <th>type_CASH_IN</th>\n",
       "      <th>type_CASH_OUT</th>\n",
       "      <th>type_DEBIT</th>\n",
       "      <th>type_PAYMENT</th>\n",
       "      <th>type_TRANSFER</th>\n",
       "    </tr>\n",
       "  </thead>\n",
       "  <tbody>\n",
       "    <tr>\n",
       "      <th>0</th>\n",
       "      <td>9839.64</td>\n",
       "      <td>170136.00</td>\n",
       "      <td>0</td>\n",
       "      <td>1</td>\n",
       "      <td>1</td>\n",
       "      <td>1</td>\n",
       "      <td>1</td>\n",
       "      <td>0</td>\n",
       "      <td>0</td>\n",
       "      <td>0</td>\n",
       "      <td>0</td>\n",
       "      <td>0</td>\n",
       "      <td>0</td>\n",
       "      <td>0</td>\n",
       "      <td>1</td>\n",
       "      <td>0</td>\n",
       "    </tr>\n",
       "    <tr>\n",
       "      <th>1</th>\n",
       "      <td>181.00</td>\n",
       "      <td>181.00</td>\n",
       "      <td>1</td>\n",
       "      <td>1</td>\n",
       "      <td>1</td>\n",
       "      <td>1</td>\n",
       "      <td>0</td>\n",
       "      <td>0</td>\n",
       "      <td>0</td>\n",
       "      <td>0</td>\n",
       "      <td>1</td>\n",
       "      <td>0</td>\n",
       "      <td>0</td>\n",
       "      <td>0</td>\n",
       "      <td>0</td>\n",
       "      <td>1</td>\n",
       "    </tr>\n",
       "    <tr>\n",
       "      <th>2</th>\n",
       "      <td>181.00</td>\n",
       "      <td>181.00</td>\n",
       "      <td>1</td>\n",
       "      <td>1</td>\n",
       "      <td>1</td>\n",
       "      <td>1</td>\n",
       "      <td>0</td>\n",
       "      <td>0</td>\n",
       "      <td>0</td>\n",
       "      <td>0</td>\n",
       "      <td>1</td>\n",
       "      <td>0</td>\n",
       "      <td>1</td>\n",
       "      <td>0</td>\n",
       "      <td>0</td>\n",
       "      <td>0</td>\n",
       "    </tr>\n",
       "    <tr>\n",
       "      <th>3</th>\n",
       "      <td>9478.39</td>\n",
       "      <td>116494.00</td>\n",
       "      <td>0</td>\n",
       "      <td>1</td>\n",
       "      <td>1</td>\n",
       "      <td>1</td>\n",
       "      <td>1</td>\n",
       "      <td>0</td>\n",
       "      <td>0</td>\n",
       "      <td>0</td>\n",
       "      <td>0</td>\n",
       "      <td>0</td>\n",
       "      <td>0</td>\n",
       "      <td>0</td>\n",
       "      <td>1</td>\n",
       "      <td>0</td>\n",
       "    </tr>\n",
       "    <tr>\n",
       "      <th>4</th>\n",
       "      <td>3454.08</td>\n",
       "      <td>9031.96</td>\n",
       "      <td>0</td>\n",
       "      <td>1</td>\n",
       "      <td>1</td>\n",
       "      <td>1</td>\n",
       "      <td>1</td>\n",
       "      <td>0</td>\n",
       "      <td>0</td>\n",
       "      <td>0</td>\n",
       "      <td>0</td>\n",
       "      <td>0</td>\n",
       "      <td>0</td>\n",
       "      <td>0</td>\n",
       "      <td>1</td>\n",
       "      <td>0</td>\n",
       "    </tr>\n",
       "  </tbody>\n",
       "</table>\n",
       "</div>"
      ],
      "text/plain": [
       "    amount  oldbalanceOrg  isFraud  hour  newSender  newReceiver  merchant  \\\n",
       "0  9839.64      170136.00        0     1          1            1         1   \n",
       "1   181.00         181.00        1     1          1            1         0   \n",
       "2   181.00         181.00        1     1          1            1         0   \n",
       "3  9478.39      116494.00        0     1          1            1         1   \n",
       "4  3454.08        9031.96        0     1          1            1         1   \n",
       "\n",
       "   fraudsEarly  LTS  LTR  IZoB  type_CASH_IN  type_CASH_OUT  type_DEBIT  \\\n",
       "0            0    0    0     0             0              0           0   \n",
       "1            0    0    0     1             0              0           0   \n",
       "2            0    0    0     1             0              1           0   \n",
       "3            0    0    0     0             0              0           0   \n",
       "4            0    0    0     0             0              0           0   \n",
       "\n",
       "   type_PAYMENT  type_TRANSFER  \n",
       "0             1              0  \n",
       "1             0              1  \n",
       "2             0              0  \n",
       "3             1              0  \n",
       "4             1              0  "
      ]
     },
     "execution_count": 5,
     "metadata": {},
     "output_type": "execute_result"
    }
   ],
   "source": [
    "import numpy as np\n",
    "from pandas import read_csv as read\n",
    "import pandas as pd\n",
    "import seaborn as sns; sns.set(color_codes=True)\n",
    "import matplotlib.pyplot as plt\n",
    "\n",
    "path = \"newFilt.csv\"\n",
    "data = read(path, delimiter=\",\")\n",
    "\n",
    "data.drop('isFlaggedFraud', axis=1, inplace=True)\n",
    "data.drop('nameOrig', axis=1, inplace=True)\n",
    "data.drop('nameDest', axis=1, inplace=True)\n",
    "data.drop('oldbalanceDest', axis=1, inplace=True)\n",
    "data.drop('step', axis=1, inplace=True)\n",
    "data.drop('newbalanceOrig', axis=1, inplace=True)\n",
    "data.drop('newbalanceDest', axis=1, inplace=True)\n",
    "\n",
    "data = pd.get_dummies(data)\n",
    "data.head()"
   ]
  },
  {
   "cell_type": "code",
   "execution_count": 6,
   "metadata": {},
   "outputs": [
    {
     "data": {
      "text/html": [
       "<div>\n",
       "<style scoped>\n",
       "    .dataframe tbody tr th:only-of-type {\n",
       "        vertical-align: middle;\n",
       "    }\n",
       "\n",
       "    .dataframe tbody tr th {\n",
       "        vertical-align: top;\n",
       "    }\n",
       "\n",
       "    .dataframe thead th {\n",
       "        text-align: right;\n",
       "    }\n",
       "</style>\n",
       "<table border=\"1\" class=\"dataframe\">\n",
       "  <thead>\n",
       "    <tr style=\"text-align: right;\">\n",
       "      <th></th>\n",
       "      <th>amount</th>\n",
       "      <th>oldbalanceOrg</th>\n",
       "      <th>isFraud</th>\n",
       "      <th>hour</th>\n",
       "      <th>newSender</th>\n",
       "      <th>newReceiver</th>\n",
       "      <th>merchant</th>\n",
       "      <th>fraudsEarly</th>\n",
       "      <th>LTS</th>\n",
       "      <th>LTR</th>\n",
       "      <th>IZoB</th>\n",
       "      <th>type_CASH_IN</th>\n",
       "      <th>type_CASH_OUT</th>\n",
       "      <th>type_DEBIT</th>\n",
       "      <th>type_PAYMENT</th>\n",
       "      <th>type_TRANSFER</th>\n",
       "    </tr>\n",
       "  </thead>\n",
       "  <tbody>\n",
       "    <tr>\n",
       "      <th>amount</th>\n",
       "      <td>1.000000</td>\n",
       "      <td>0.205667</td>\n",
       "      <td>0.346157</td>\n",
       "      <td>-0.081528</td>\n",
       "      <td>0.001350</td>\n",
       "      <td>-0.026341</td>\n",
       "      <td>-0.181568</td>\n",
       "      <td>0.002111</td>\n",
       "      <td>-0.001002</td>\n",
       "      <td>0.033480</td>\n",
       "      <td>0.119121</td>\n",
       "      <td>-0.054279</td>\n",
       "      <td>0.023805</td>\n",
       "      <td>-0.021563</td>\n",
       "      <td>-0.181568</td>\n",
       "      <td>0.304017</td>\n",
       "    </tr>\n",
       "    <tr>\n",
       "      <th>oldbalanceOrg</th>\n",
       "      <td>0.205667</td>\n",
       "      <td>1.000000</td>\n",
       "      <td>0.070277</td>\n",
       "      <td>-0.012752</td>\n",
       "      <td>0.001086</td>\n",
       "      <td>-0.053759</td>\n",
       "      <td>-0.190083</td>\n",
       "      <td>0.008077</td>\n",
       "      <td>-0.001170</td>\n",
       "      <td>0.036172</td>\n",
       "      <td>-0.299378</td>\n",
       "      <td>0.464094</td>\n",
       "      <td>-0.180977</td>\n",
       "      <td>-0.022039</td>\n",
       "      <td>-0.190083</td>\n",
       "      <td>-0.034110</td>\n",
       "    </tr>\n",
       "    <tr>\n",
       "      <th>isFraud</th>\n",
       "      <td>0.346157</td>\n",
       "      <td>0.070277</td>\n",
       "      <td>1.000000</td>\n",
       "      <td>-0.212034</td>\n",
       "      <td>0.001871</td>\n",
       "      <td>0.035525</td>\n",
       "      <td>-0.189924</td>\n",
       "      <td>-0.000383</td>\n",
       "      <td>-0.001478</td>\n",
       "      <td>-0.002724</td>\n",
       "      <td>0.220020</td>\n",
       "      <td>-0.142891</td>\n",
       "      <td>0.082316</td>\n",
       "      <td>-0.021918</td>\n",
       "      <td>-0.189924</td>\n",
       "      <td>0.340712</td>\n",
       "    </tr>\n",
       "    <tr>\n",
       "      <th>hour</th>\n",
       "      <td>-0.081528</td>\n",
       "      <td>-0.012752</td>\n",
       "      <td>-0.212034</td>\n",
       "      <td>1.000000</td>\n",
       "      <td>-0.003358</td>\n",
       "      <td>-0.007349</td>\n",
       "      <td>0.053131</td>\n",
       "      <td>-0.002751</td>\n",
       "      <td>0.001089</td>\n",
       "      <td>0.002095</td>\n",
       "      <td>-0.062185</td>\n",
       "      <td>0.022327</td>\n",
       "      <td>-0.019689</td>\n",
       "      <td>-0.004976</td>\n",
       "      <td>0.053131</td>\n",
       "      <td>-0.075162</td>\n",
       "    </tr>\n",
       "    <tr>\n",
       "      <th>newSender</th>\n",
       "      <td>0.001350</td>\n",
       "      <td>0.001086</td>\n",
       "      <td>0.001871</td>\n",
       "      <td>-0.003358</td>\n",
       "      <td>1.000000</td>\n",
       "      <td>0.003078</td>\n",
       "      <td>0.004512</td>\n",
       "      <td>0.000494</td>\n",
       "      <td>-0.789905</td>\n",
       "      <td>-0.001643</td>\n",
       "      <td>0.005377</td>\n",
       "      <td>-0.003201</td>\n",
       "      <td>-0.000551</td>\n",
       "      <td>0.000521</td>\n",
       "      <td>0.004512</td>\n",
       "      <td>-0.001815</td>\n",
       "    </tr>\n",
       "    <tr>\n",
       "      <th>newReceiver</th>\n",
       "      <td>-0.026341</td>\n",
       "      <td>-0.053759</td>\n",
       "      <td>0.035525</td>\n",
       "      <td>-0.007349</td>\n",
       "      <td>0.003078</td>\n",
       "      <td>1.000000</td>\n",
       "      <td>0.195419</td>\n",
       "      <td>-0.256098</td>\n",
       "      <td>-0.000518</td>\n",
       "      <td>-0.728641</td>\n",
       "      <td>-0.018265</td>\n",
       "      <td>-0.079805</td>\n",
       "      <td>-0.101021</td>\n",
       "      <td>-0.008383</td>\n",
       "      <td>0.195419</td>\n",
       "      <td>-0.029270</td>\n",
       "    </tr>\n",
       "    <tr>\n",
       "      <th>merchant</th>\n",
       "      <td>-0.181568</td>\n",
       "      <td>-0.190083</td>\n",
       "      <td>-0.189924</td>\n",
       "      <td>0.053131</td>\n",
       "      <td>0.004512</td>\n",
       "      <td>0.195419</td>\n",
       "      <td>1.000000</td>\n",
       "      <td>-0.050135</td>\n",
       "      <td>-0.003564</td>\n",
       "      <td>-0.142390</td>\n",
       "      <td>-0.113351</td>\n",
       "      <td>-0.344581</td>\n",
       "      <td>-0.507939</td>\n",
       "      <td>-0.052854</td>\n",
       "      <td>1.000000</td>\n",
       "      <td>-0.242270</td>\n",
       "    </tr>\n",
       "    <tr>\n",
       "      <th>fraudsEarly</th>\n",
       "      <td>0.002111</td>\n",
       "      <td>0.008077</td>\n",
       "      <td>-0.000383</td>\n",
       "      <td>-0.002751</td>\n",
       "      <td>0.000494</td>\n",
       "      <td>-0.256098</td>\n",
       "      <td>-0.050135</td>\n",
       "      <td>1.000000</td>\n",
       "      <td>-0.000390</td>\n",
       "      <td>0.193658</td>\n",
       "      <td>0.005702</td>\n",
       "      <td>0.017185</td>\n",
       "      <td>0.032106</td>\n",
       "      <td>0.001986</td>\n",
       "      <td>-0.050135</td>\n",
       "      <td>0.002377</td>\n",
       "    </tr>\n",
       "    <tr>\n",
       "      <th>LTS</th>\n",
       "      <td>-0.001002</td>\n",
       "      <td>-0.001170</td>\n",
       "      <td>-0.001478</td>\n",
       "      <td>0.001089</td>\n",
       "      <td>-0.789905</td>\n",
       "      <td>-0.000518</td>\n",
       "      <td>-0.003564</td>\n",
       "      <td>-0.000390</td>\n",
       "      <td>1.000000</td>\n",
       "      <td>0.000133</td>\n",
       "      <td>-0.002108</td>\n",
       "      <td>0.003712</td>\n",
       "      <td>0.001559</td>\n",
       "      <td>-0.000411</td>\n",
       "      <td>-0.003564</td>\n",
       "      <td>-0.001775</td>\n",
       "    </tr>\n",
       "    <tr>\n",
       "      <th>LTR</th>\n",
       "      <td>0.033480</td>\n",
       "      <td>0.036172</td>\n",
       "      <td>-0.002724</td>\n",
       "      <td>0.002095</td>\n",
       "      <td>-0.001643</td>\n",
       "      <td>-0.728641</td>\n",
       "      <td>-0.142390</td>\n",
       "      <td>0.193658</td>\n",
       "      <td>0.000133</td>\n",
       "      <td>1.000000</td>\n",
       "      <td>0.019275</td>\n",
       "      <td>0.052543</td>\n",
       "      <td>0.076151</td>\n",
       "      <td>0.010475</td>\n",
       "      <td>-0.142390</td>\n",
       "      <td>0.023555</td>\n",
       "    </tr>\n",
       "    <tr>\n",
       "      <th>IZoB</th>\n",
       "      <td>0.119121</td>\n",
       "      <td>-0.299378</td>\n",
       "      <td>0.220020</td>\n",
       "      <td>-0.062185</td>\n",
       "      <td>0.005377</td>\n",
       "      <td>-0.018265</td>\n",
       "      <td>-0.113351</td>\n",
       "      <td>0.005702</td>\n",
       "      <td>-0.002108</td>\n",
       "      <td>0.019275</td>\n",
       "      <td>1.000000</td>\n",
       "      <td>-0.618145</td>\n",
       "      <td>0.462664</td>\n",
       "      <td>-0.050479</td>\n",
       "      <td>-0.113351</td>\n",
       "      <td>0.265816</td>\n",
       "    </tr>\n",
       "    <tr>\n",
       "      <th>type_CASH_IN</th>\n",
       "      <td>-0.054279</td>\n",
       "      <td>0.464094</td>\n",
       "      <td>-0.142891</td>\n",
       "      <td>0.022327</td>\n",
       "      <td>-0.003201</td>\n",
       "      <td>-0.079805</td>\n",
       "      <td>-0.344581</td>\n",
       "      <td>0.017185</td>\n",
       "      <td>0.003712</td>\n",
       "      <td>0.052543</td>\n",
       "      <td>-0.618145</td>\n",
       "      <td>1.000000</td>\n",
       "      <td>-0.382152</td>\n",
       "      <td>-0.039765</td>\n",
       "      <td>-0.344581</td>\n",
       "      <td>-0.182274</td>\n",
       "    </tr>\n",
       "    <tr>\n",
       "      <th>type_CASH_OUT</th>\n",
       "      <td>0.023805</td>\n",
       "      <td>-0.180977</td>\n",
       "      <td>0.082316</td>\n",
       "      <td>-0.019689</td>\n",
       "      <td>-0.000551</td>\n",
       "      <td>-0.101021</td>\n",
       "      <td>-0.507939</td>\n",
       "      <td>0.032106</td>\n",
       "      <td>0.001559</td>\n",
       "      <td>0.076151</td>\n",
       "      <td>0.462664</td>\n",
       "      <td>-0.382152</td>\n",
       "      <td>1.000000</td>\n",
       "      <td>-0.058617</td>\n",
       "      <td>-0.507939</td>\n",
       "      <td>-0.268685</td>\n",
       "    </tr>\n",
       "    <tr>\n",
       "      <th>type_DEBIT</th>\n",
       "      <td>-0.021563</td>\n",
       "      <td>-0.022039</td>\n",
       "      <td>-0.021918</td>\n",
       "      <td>-0.004976</td>\n",
       "      <td>0.000521</td>\n",
       "      <td>-0.008383</td>\n",
       "      <td>-0.052854</td>\n",
       "      <td>0.001986</td>\n",
       "      <td>-0.000411</td>\n",
       "      <td>0.010475</td>\n",
       "      <td>-0.050479</td>\n",
       "      <td>-0.039765</td>\n",
       "      <td>-0.058617</td>\n",
       "      <td>1.000000</td>\n",
       "      <td>-0.052854</td>\n",
       "      <td>-0.027958</td>\n",
       "    </tr>\n",
       "    <tr>\n",
       "      <th>type_PAYMENT</th>\n",
       "      <td>-0.181568</td>\n",
       "      <td>-0.190083</td>\n",
       "      <td>-0.189924</td>\n",
       "      <td>0.053131</td>\n",
       "      <td>0.004512</td>\n",
       "      <td>0.195419</td>\n",
       "      <td>1.000000</td>\n",
       "      <td>-0.050135</td>\n",
       "      <td>-0.003564</td>\n",
       "      <td>-0.142390</td>\n",
       "      <td>-0.113351</td>\n",
       "      <td>-0.344581</td>\n",
       "      <td>-0.507939</td>\n",
       "      <td>-0.052854</td>\n",
       "      <td>1.000000</td>\n",
       "      <td>-0.242270</td>\n",
       "    </tr>\n",
       "    <tr>\n",
       "      <th>type_TRANSFER</th>\n",
       "      <td>0.304017</td>\n",
       "      <td>-0.034110</td>\n",
       "      <td>0.340712</td>\n",
       "      <td>-0.075162</td>\n",
       "      <td>-0.001815</td>\n",
       "      <td>-0.029270</td>\n",
       "      <td>-0.242270</td>\n",
       "      <td>0.002377</td>\n",
       "      <td>-0.001775</td>\n",
       "      <td>0.023555</td>\n",
       "      <td>0.265816</td>\n",
       "      <td>-0.182274</td>\n",
       "      <td>-0.268685</td>\n",
       "      <td>-0.027958</td>\n",
       "      <td>-0.242270</td>\n",
       "      <td>1.000000</td>\n",
       "    </tr>\n",
       "  </tbody>\n",
       "</table>\n",
       "</div>"
      ],
      "text/plain": [
       "                 amount  oldbalanceOrg   isFraud      hour  newSender  \\\n",
       "amount         1.000000       0.205667  0.346157 -0.081528   0.001350   \n",
       "oldbalanceOrg  0.205667       1.000000  0.070277 -0.012752   0.001086   \n",
       "isFraud        0.346157       0.070277  1.000000 -0.212034   0.001871   \n",
       "hour          -0.081528      -0.012752 -0.212034  1.000000  -0.003358   \n",
       "newSender      0.001350       0.001086  0.001871 -0.003358   1.000000   \n",
       "newReceiver   -0.026341      -0.053759  0.035525 -0.007349   0.003078   \n",
       "merchant      -0.181568      -0.190083 -0.189924  0.053131   0.004512   \n",
       "fraudsEarly    0.002111       0.008077 -0.000383 -0.002751   0.000494   \n",
       "LTS           -0.001002      -0.001170 -0.001478  0.001089  -0.789905   \n",
       "LTR            0.033480       0.036172 -0.002724  0.002095  -0.001643   \n",
       "IZoB           0.119121      -0.299378  0.220020 -0.062185   0.005377   \n",
       "type_CASH_IN  -0.054279       0.464094 -0.142891  0.022327  -0.003201   \n",
       "type_CASH_OUT  0.023805      -0.180977  0.082316 -0.019689  -0.000551   \n",
       "type_DEBIT    -0.021563      -0.022039 -0.021918 -0.004976   0.000521   \n",
       "type_PAYMENT  -0.181568      -0.190083 -0.189924  0.053131   0.004512   \n",
       "type_TRANSFER  0.304017      -0.034110  0.340712 -0.075162  -0.001815   \n",
       "\n",
       "               newReceiver  merchant  fraudsEarly       LTS       LTR  \\\n",
       "amount           -0.026341 -0.181568     0.002111 -0.001002  0.033480   \n",
       "oldbalanceOrg    -0.053759 -0.190083     0.008077 -0.001170  0.036172   \n",
       "isFraud           0.035525 -0.189924    -0.000383 -0.001478 -0.002724   \n",
       "hour             -0.007349  0.053131    -0.002751  0.001089  0.002095   \n",
       "newSender         0.003078  0.004512     0.000494 -0.789905 -0.001643   \n",
       "newReceiver       1.000000  0.195419    -0.256098 -0.000518 -0.728641   \n",
       "merchant          0.195419  1.000000    -0.050135 -0.003564 -0.142390   \n",
       "fraudsEarly      -0.256098 -0.050135     1.000000 -0.000390  0.193658   \n",
       "LTS              -0.000518 -0.003564    -0.000390  1.000000  0.000133   \n",
       "LTR              -0.728641 -0.142390     0.193658  0.000133  1.000000   \n",
       "IZoB             -0.018265 -0.113351     0.005702 -0.002108  0.019275   \n",
       "type_CASH_IN     -0.079805 -0.344581     0.017185  0.003712  0.052543   \n",
       "type_CASH_OUT    -0.101021 -0.507939     0.032106  0.001559  0.076151   \n",
       "type_DEBIT       -0.008383 -0.052854     0.001986 -0.000411  0.010475   \n",
       "type_PAYMENT      0.195419  1.000000    -0.050135 -0.003564 -0.142390   \n",
       "type_TRANSFER    -0.029270 -0.242270     0.002377 -0.001775  0.023555   \n",
       "\n",
       "                   IZoB  type_CASH_IN  type_CASH_OUT  type_DEBIT  \\\n",
       "amount         0.119121     -0.054279       0.023805   -0.021563   \n",
       "oldbalanceOrg -0.299378      0.464094      -0.180977   -0.022039   \n",
       "isFraud        0.220020     -0.142891       0.082316   -0.021918   \n",
       "hour          -0.062185      0.022327      -0.019689   -0.004976   \n",
       "newSender      0.005377     -0.003201      -0.000551    0.000521   \n",
       "newReceiver   -0.018265     -0.079805      -0.101021   -0.008383   \n",
       "merchant      -0.113351     -0.344581      -0.507939   -0.052854   \n",
       "fraudsEarly    0.005702      0.017185       0.032106    0.001986   \n",
       "LTS           -0.002108      0.003712       0.001559   -0.000411   \n",
       "LTR            0.019275      0.052543       0.076151    0.010475   \n",
       "IZoB           1.000000     -0.618145       0.462664   -0.050479   \n",
       "type_CASH_IN  -0.618145      1.000000      -0.382152   -0.039765   \n",
       "type_CASH_OUT  0.462664     -0.382152       1.000000   -0.058617   \n",
       "type_DEBIT    -0.050479     -0.039765      -0.058617    1.000000   \n",
       "type_PAYMENT  -0.113351     -0.344581      -0.507939   -0.052854   \n",
       "type_TRANSFER  0.265816     -0.182274      -0.268685   -0.027958   \n",
       "\n",
       "               type_PAYMENT  type_TRANSFER  \n",
       "amount            -0.181568       0.304017  \n",
       "oldbalanceOrg     -0.190083      -0.034110  \n",
       "isFraud           -0.189924       0.340712  \n",
       "hour               0.053131      -0.075162  \n",
       "newSender          0.004512      -0.001815  \n",
       "newReceiver        0.195419      -0.029270  \n",
       "merchant           1.000000      -0.242270  \n",
       "fraudsEarly       -0.050135       0.002377  \n",
       "LTS               -0.003564      -0.001775  \n",
       "LTR               -0.142390       0.023555  \n",
       "IZoB              -0.113351       0.265816  \n",
       "type_CASH_IN      -0.344581      -0.182274  \n",
       "type_CASH_OUT     -0.507939      -0.268685  \n",
       "type_DEBIT        -0.052854      -0.027958  \n",
       "type_PAYMENT       1.000000      -0.242270  \n",
       "type_TRANSFER     -0.242270       1.000000  "
      ]
     },
     "execution_count": 6,
     "metadata": {},
     "output_type": "execute_result"
    }
   ],
   "source": [
    "data.corr()"
   ]
  },
  {
   "cell_type": "code",
   "execution_count": 7,
   "metadata": {},
   "outputs": [],
   "source": [
    "X = data.loc[:, data.columns != 'isFraud'].values\n",
    "y = data.loc[:, 'isFraud'].values\n",
    "\n",
    "y=y.astype('int') # не совсем понял, почему https://stackoverflow.com/questions/45346550/valueerror-unknown-label-type-unknown\n",
    "\n",
    "from sklearn.model_selection import train_test_split as train\n",
    "\n",
    "X_train, X_test, y_train, y_test = train(X, y, shuffle=False)\n",
    "\n",
    "from sklearn import metrics"
   ]
  },
  {
   "cell_type": "markdown",
   "metadata": {},
   "source": [
    "### Рандомный лес"
   ]
  },
  {
   "cell_type": "code",
   "execution_count": 8,
   "metadata": {},
   "outputs": [
    {
     "name": "stdout",
     "output_type": "stream",
     "text": [
      "f1=0.971 auc=0.998 ap=0.998\n",
      "RandomForestClassifier\n",
      "              precision    recall  f1-score   support\n",
      "\n",
      "           0       0.99      1.00      0.99     23790\n",
      "           1       0.99      0.96      0.97      4334\n",
      "\n",
      "   micro avg       0.99      0.99      0.99     28124\n",
      "   macro avg       0.99      0.98      0.98     28124\n",
      "weighted avg       0.99      0.99      0.99     28124\n",
      "\n",
      "[[23738    52]\n",
      " [  195  4139]]\n",
      "0.9995954594627309\n"
     ]
    },
    {
     "data": {
